#Layer_Color=10066176
#
#Feature symbol names
#
$0 r1

#
#Feature attribute names
#

#
#Layer features
#
L 0.0066732 0.2516082 0.0066732 2.6309192 0 P 0
L 0.0066732 0.2516082 0.0117204 0.2019192 0 P 0
L 0.0066732 2.6309192 0.0117204 2.6806082 0 P 0
L 0.0117204 0.2019192 0.0261889 0.1555649 0 P 0
L 0.0117204 2.6806082 0.0261889 2.7269625 0 P 0
L 0.0261889 0.1555649 0.0490629 0.113557 0 P 0
L 0.0261889 2.7269625 0.0490629 2.7689704 0 P 0
L 0.0490629 0.113557 0.0793307 0.0769153 0 P 0
L 0.0490629 2.7689704 0.0793307 2.8056121 0 P 0
L 0.0793307 0.0769153 0.1159724 0.0466476 0 P 0
L 0.0793307 2.8056121 0.1159724 2.8358799 0 P 0
L 0.1159724 0.0466476 0.1579803 0.0237736 0 P 0
L 0.1159724 2.8358799 0.1579803 2.8587539 0 P 0
L 0.1579803 0.0237736 0.2043307 0.0093051 0 P 0
L 0.1579803 2.8587539 0.2043307 2.8732224 0 P 0
L 0.2043307 0.0093051 0.2540196 0.0042578 0 P 0
L 0.2043307 2.8732224 0.2540196 2.8782696 0 P 0
L 0.2540196 0.0042578 4.326248 0.0042578 0 P 0
L 0.2540196 2.8782696 4.326248 2.8782696 0 P 0
L 2.1237047 1.7856043 2.1237047 2.2390491 0 P 0
L 2.1237047 1.7856043 2.1243071 1.7796712 0 P 0
L 2.1237047 2.2390491 2.1243071 2.2449822 0 P 0
L 2.1243071 1.7796712 2.1260354 1.7741397 0 P 0
L 2.1243071 2.2449822 2.1260354 2.2505137 0 P 0
L 2.1260354 1.7741397 2.1287638 1.7691239 0 P 0
L 2.1260354 2.2505137 2.1287638 2.2555295 0 P 0
L 2.1287638 1.7691239 2.1323779 1.7647499 0 P 0
L 2.1287638 2.2555295 2.1323779 2.2599035 0 P 0
L 2.1323779 1.7647499 2.136752 1.7611358 0 P 0
L 2.1323779 2.2599035 2.136752 2.2635176 0 P 0
L 2.136752 1.7611358 2.1417677 1.7584074 0 P 0
L 2.136752 2.2635176 2.1417677 2.266246 0 P 0
L 2.1417677 1.7584074 2.1472992 1.7566791 0 P 0
L 2.1417677 2.266246 2.1472992 2.2679743 0 P 0
L 2.1472992 1.7566791 2.1532323 1.7560767 0 P 0
L 2.1472992 2.2679743 2.1532323 2.2685767 0 P 0
L 2.1532323 1.7560767 2.1591653 1.7566791 0 P 0
L 2.1532323 2.2685767 2.1591653 2.2679743 0 P 0
L 2.1591653 1.7566791 2.1646968 1.7584074 0 P 0
L 2.1591653 2.2679743 2.1646968 2.266246 0 P 0
L 2.1646968 1.7584074 2.1697126 1.7611358 0 P 0
L 2.1646968 2.266246 2.1697126 2.2635176 0 P 0
L 2.1697126 1.7611358 2.1740866 1.7647499 0 P 0
L 2.1697126 2.2635176 2.1740866 2.2599035 0 P 0
L 2.1740866 1.7647499 2.1777008 1.7691239 0 P 0
L 2.1740866 2.2599035 2.1777008 2.2555295 0 P 0
L 2.1777008 1.7691239 2.1804291 1.7741397 0 P 0
L 2.1777008 2.2555295 2.1804291 2.2505137 0 P 0
L 2.1804291 1.7741397 2.1821575 1.7796712 0 P 0
L 2.1804291 2.2505137 2.1821575 2.2449822 0 P 0
L 2.1821575 1.7796712 2.1827598 1.7856043 0 P 0
L 2.1821575 2.2449822 2.1827598 2.2390491 0 P 0
L 2.1827598 1.7856043 2.1827598 2.2390491 0 P 0
L 4.326248 0.0042578 4.375937 0.0093051 0 P 0
L 4.326248 2.8782696 4.375937 2.8732224 0 P 0
L 4.3555905 1.2031102 4.3555905 1.6716141 0 P 0
L 4.3555905 1.2031102 4.5721259 1.2031102 0 P 0
L 4.3555905 1.6716141 4.5735984 1.6716141 0 P 0
L 4.375937 0.0093051 4.4222913 0.0237736 0 P 0
L 4.375937 2.8732224 4.4222913 2.8587539 0 P 0
L 4.4222913 0.0237736 4.4642952 0.0466476 0 P 0
L 4.4222913 2.8587539 4.4642952 2.8358799 0 P 0
L 4.4642952 0.0466476 4.5009409 0.0769153 0 P 0
L 4.4642952 2.8358799 4.5009409 2.8056121 0 P 0
L 4.5009409 0.0769153 4.5312047 0.113557 0 P 0
L 4.5009409 2.8056121 4.5312047 2.7689704 0 P 0
L 4.5312047 0.113557 4.5540826 0.1555649 0 P 0
L 4.5312047 2.7689704 4.5540826 2.7269625 0 P 0
L 4.5540826 0.1555649 4.5685511 0.2019192 0 P 0
L 4.5540826 2.7269625 4.5685511 2.6806082 0 P 0
L 4.5685511 0.2019192 4.5721259 0.2371119 0 P 0
L 4.5685511 2.6806082 4.5735984 2.6309192 0 P 0
L 4.5721259 0.2371119 4.5721259 1.2031102 0 P 0
L 4.5735984 1.6716141 4.5735984 2.6309192 0 P 0
