#Layer_Color=10066176
#
#Feature symbol names
#
$0 r1

#
#Feature attribute names
#

#
#Layer features
#
L 0.0126379 0.2580001 0.0126379 2.6373111 0 P 0
L 0.0126379 0.2580001 0.0176851 0.2083111 0 P 0
L 0.0126379 2.6373111 0.0176851 2.6870001 0 P 0
L 0.0176851 0.2083111 0.0321536 0.1619568 0 P 0
L 0.0176851 2.6870001 0.0321536 2.7333544 0 P 0
L 0.0321536 0.1619568 0.0550276 0.1199489 0 P 0
L 0.0321536 2.7333544 0.0550276 2.7753623 0 P 0
L 0.0550276 0.1199489 0.0852954 0.0833072 0 P 0
L 0.0550276 2.7753623 0.0852954 2.812004 0 P 0
L 0.0852954 0.0833072 0.1219371 0.0530394 0 P 0
L 0.0852954 2.812004 0.1219371 2.8422717 0 P 0
L 0.1219371 0.0530394 0.163945 0.0301654 0 P 0
L 0.1219371 2.8422717 0.163945 2.8651457 0 P 0
L 0.163945 0.0301654 0.2102954 0.0156969 0 P 0
L 0.163945 2.8651457 0.2102954 2.8796142 0 P 0
L 0.2102954 0.0156969 0.2599843 0.0106497 0 P 0
L 0.2102954 2.8796142 0.2599843 2.8846615 0 P 0
L 0.2599843 0.0106497 4.3322127 0.0106497 0 P 0
L 0.2599843 2.8846615 4.3322127 2.8846615 0 P 0
L 4.3322127 0.0106497 4.3819017 0.0156969 0 P 0
L 4.3322127 2.8846615 4.3819017 2.8796142 0 P 0
L 4.3819017 0.0156969 4.428256 0.0301654 0 P 0
L 4.3819017 2.8796142 4.428256 2.8651457 0 P 0
L 4.428256 0.0301654 4.4702599 0.0530394 0 P 0
L 4.428256 2.8651457 4.4702599 2.8422717 0 P 0
L 4.4702599 0.0530394 4.5069056 0.0833072 0 P 0
L 4.4702599 2.8422717 4.5069056 2.812004 0 P 0
L 4.5069056 0.0833072 4.5371694 0.1199489 0 P 0
L 4.5069056 2.812004 4.5371694 2.7753623 0 P 0
L 4.5371694 0.1199489 4.5600473 0.1619568 0 P 0
L 4.5371694 2.7753623 4.5600473 2.7333544 0 P 0
L 4.5600473 0.1619568 4.5745158 0.2083111 0 P 0
L 4.5600473 2.7333544 4.5745158 2.6870001 0 P 0
L 4.5745158 0.2083111 4.5780906 0.2586615 0 P 0
L 4.5745158 2.6870001 4.5780906 2.6518074 0 P 0
L 4.5780906 0.2586615 4.5780906 2.6518074 0 P 0
